7711654
2718148
6752218
6765838
6753338
3779998
3781592
3775160
185810
185272
185432
505575530
506074644
504699024
3084252
3090322
3083856
29007740
29039180
29058566
482878
482598
482076
380862888
379983882
380332220
3261596
3258266
3255196
17944934
17909636
17929320
9820600
9822876
9836758
139965518
139978378
140094506
176031334
176329280
176376178
1187014
1184360
1181776
1588586
1583292
1577892
4931267940
4921817884
4923295434
4202890
4206860
4207702
981101370
980804718
982213650
9445638
9416300
9427072
1235093688
1234352836
1235161428
2279496
4879306
781104
4389580
12287628
411942
3340938
672042
17056828
103138
37690
892732
1675648
151914
219678
218362
8805654
11573632
3985690
289680
104756
1889210
2220302
1951188
3121576
2880056
3521794
2463278
3326014
5353874
5036128
1583846
1590420
1282096
1215416
72436
72326
71918
103476
103080
103104
103238
103028
103028
102044
102386
101922
102598
102626
102056
7341420
7629604
7296232
7613078
7300466
7611090
8993772
8984592
9018514
48546
49010
48710
48812
54669250
54322794
9338100
7510202
9287608
7505982
9328628
7522740
48644
687084
682550
683210
494076
494004
491424
1260850
1256146
1250972
1642566
1640216
1649884
102936
102322
219804
217974
219008
217486
318012
453534
2970726
4842492
1577150
181910
1935400
11256836
10923076
39437772
40984054
14146060
14259122
13014594
71554
48780
48884
48836
10516176
10506048
10542526
2335388
2781472
71136
71158
71260
9804788
9824634
9799976
153064
7789364
8298122
66116
66078
65960
8600130
7724912
8609672
7684646
8575358
7680162
37878
37724
37668
316592
316018
316022
453184
453856
452462
6628030
6319798
6623436
6298892
6633154
6308502
50779090
50015560
51015746
50119796
50957836
49995428
1071146
194286
1304842
1355018
1351918
1353278
1857520
1847954
1852610
1511768
1392146
1508248
1381230
1499166
1379540
60840
60564
60504
71852
71148
71024
71208
71036
71202
1937424
1938142
1916744
2351360
2350702
2355896
1571082
1558558
1560222
2247554
2235550
2248122
1584184
1604266
1591898
1598006
1584396
1595038
3439916
3458388
3439628
3435236
3428022
3427830
14104428
39860
39532
39366
2804952
2811026
2812900
4603866
4578866
4590024
88114
87530
88006
104258
103426
103330
400512
399446
102396
102076
102186
399828
120478
119696
119034
118956
119366
119530
5511828
5521914
5505522
7580634
7575566
7582518
10596674
10635990
10624064
1286260
1234114
1291720
1223176
1289906
1231860
1010468
1002464
997298
1289172
1288638
1282532
755714
754856
749710
1035970
1041204
1037028
60052
60430
60450
61214
60612
60566
