3198960
1221184
2472358
2454862
2461460
1527708
1524754
1525878
109114
108742
108496
1348530
1341514
1345708
187190
183908
186358
1625546
1620224
1612930
4239330
4244186
4229606
535364
539792
534630
735344
736504
736994
1969104
1956870
1957596
3967128
3953802
3978868
522466444
518138358
517823174
608352
192736
1399468
80342
46416
548800
103206
134018
133110
5331056
6898702
2620932
169558
111746
1346370
1449748
1152740
1978888
1628822
1194356
1396122
3010922
2733754
1113042
1145390
927010
901650
65300
64462
64306
79306
79460
79502
79310
79600
79112
78402
78628
78100
78426
77966
78226
4977482
5327710
4966608
5313280
4973622
5314362
7061904
7063670
7041254
50628
51994
51608
51544
29932220
5720618
5707054
5711202
51410
561604
557576
559428
487450
486158
485314
1044830
1054420
1053840
1163446
1151718
1165330
78996
78422
133272
132120
132418
132478
341698
2330558
1147068
100890
7301566
7355502
9009190
63416
51398
50280
51308
1532428
1660798
64494
63888
64058
7436968
7469740
7455992
102554
5982564
6406434
57650
57648
57474
6564136
5887536
6594498
5884304
6624740
5922886
47152
46274
45994
334758
335792
331232
4332332
4321750
4341764
36066884
36369842
36150928
645474
104416
721444
768548
766588
763608
889936
881924
886984
1026400
931990
1030928
931542
1022754
928836
57520
57330
56572
63752
63564
63102
63442
62832
63216
1472768
1461524
1464878
1159536
1158738
1151812
1113304
1148390
1115386
1144392
1110460
1147884
2378148
2444020
2396790
2418720
2366378
2435634
47820
47988
48370
2246030
2264372
2254524
70750
69934
69420
79014
78264
78918
228830
227368
77494
77238
77684
225868
89322
89490
89798
89058
89158
88908
2948676
2949456
2934710
927070
903502
928732
896432
925346
899750
893102
885472
889682
1015432
1000504
996292
818028
812842
803442
55526
56064
55456
56086
55656
56264
