12179352
4339708
10185934
10334606
10520354
5672748
5709788
5690202
330132
329670
327658
5273166
5280558
5268274
818880
823308
823418
5574368
5519318
5553480
17133304
17163298
17147480
2059526
2056672
2054274
2587114
2584736
2580818
6922328
6941000
6918038
15030502
15050150
15026032
2286032440
2282468838
2279038478
1552640
660688
5109906
208292
61928
1934948
291406
474606
466988
18554276
25737870
8275238
563942
194016
3877202
4338898
3159984
5598650
5089486
4099768
5114174
8757400
8423164
2969034
2995222
2323870
2283848
133216
134186
134014
213266
213268
212590
212646
212774
213882
215640
217856
212754
212754
213412
212660
14703378
14585378
14315768
14436788
14578206
14401550
16701084
16576704
16832464
80026
79886
79794
80462
90854176
13713410
13669822
13827708
80380
1224398
1318638
1230198
912780
947044
989468
2812098
2753192
2783280
3432834
3406090
3522052
207648
206894
475630
473232
468400
471858
892198
5097580
2925826
356000
22147520
22531750
24852492
135604
80122
80000
80202
4769412
5331108
135420
134188
133852
19015370
18505242
18915720
294434
14082110
15269110
115370
114188
115142
16634732
14656420
16577666
14391188
16286058
15151412
62308
60864
60820
896582
891066
896780
11204072
11170226
11476222
94072882
94620162
93491228
1906906
375804
2206476
2318552
2317308
2311390
3054454
3058480
3057578
2821164
2688282
2827570
2689122
2792760
2681194
112068
111980
110700
136802
135148
135096
135112
134528
134566
4410334
4190906
4193130
3065640
3008438
3135572
2961710
2999436
2974342
2989562
2961208
2999142
6325346
6393632
6364584
6350226
6600932
6354212
65348
65056
65648
5250220
5031970
5375246
193902
193366
193562
212890
212896
214548
739412
733744
211486
219176
218776
735552
241394
241590
240766
240232
239212
240268
9953516
9786194
9638526
2312844
2285834
2323986
2282954
2339128
2306882
2452430
2254896
2370834
2739846
2660690
2673084
1520926
1512524
1495308
113294
112458
111982
111828
112438
112610
