7686290
2718894
6789164
6850422
6770206
3782232
3763776
3777998
187482
186386
186266
3096252
3093234
3092494
483998
483704
485626
3259158
3265680
3255456
9851810
9815824
9835166
1192140
1186000
1185604
1587516
1581498
1584704
4223402
4223160
4225080
9440750
9461688
9461544
1237817814
1232121984
1233641306
790606
413580
3321220
102336
37936
886982
149796
219630
219232
8769094
11471794
3960252
290622
104670
1891304
2228154
1936672
3124798
2883166
2467618
3329180
5328686
5018036
1576878
1583022
1280288
1215804
72206
71862
72172
103328
102532
102884
103238
102722
102526
103140
103422
102248
102182
101874
102490
7329580
7604764
7320830
7612264
7317026
7608408
8954902
8958884
8968366
48694
48552
48476
48648
54198248
7445734
7478100
7490914
48806
689028
683216
684826
492954
491884
497134
1262378
1253496
1243212
1644446
1645930
1641062
102618
102492
218954
217832
219366
217430
454050
2963500
1576328
182604
14083160
14252060
13028544
72116
48804
48898
49094
2324456
2779472
71848
71532
71130
9758764
9750580
9777092
152746
7743374
8257008
65894
65560
65410
8561314
7655344
8555840
7663408
8553632
7654076
37822
37620
37726
451264
448724
448216
6279372
6270186
6284590
49917046
49979620
49875092
1069596
193946
1304232
1350066
1348098
1346540
1855676
1849178
1848818
1505306
1372960
1497862
1371382
1489452
1371628
61144
60172
60030
71542
70956
71310
70874
71038
70766
2351230
2351446
2347030
1558920
1560952
1555786
1585004
1590148
1580176
1588502
1578944
1587250
3428438
3441320
3428400
3419156
3420216
3414118
40018
39636
39704
2809132
2806532
2801680
87864
87648
87574
103742
103230
102788
398172
398088
102306
101614
101716
398630
120304
118882
118666
119148
119328
118910
5518050
5512304
5503814
1285462
1215138
1278946
1220464
1279062
1216676
1011676
1007842
1008274
1293944
1290838
1289198
756074
754424
750994
60372
59966
60250
60116
60462
60132
