11924802
4305838
10471822
10171156
10140802
5680650
5709354
5711694
330956
326452
328910
5270956
5275170
5283068
825472
821996
821392
5533094
5528966
5550720
17150836
17135784
17143616
2053394
2050554
2054066
2587490
2594454
2591424
6907328
6936546
6923302
15086720
15024680
15033746
2272569306
2256776464
2258064226
1554372
660212
5117170
209636
61064
1926422
289418
471670
469164
18442502
25370752
8221712
560962
195426
3821964
4315032
3156606
5607152
5071764
4083438
5122462
8702000
8433526
2985784
3002348
2336050
2282678
132288
133422
132142
214982
215098
211596
213186
213852
212056
209888
211212
209038
210512
211856
210754
14240390
14154126
14187790
14254210
14474830
14489466
16185742
16365566
16226118
80150
80140
79930
80002
89472946
13403026
13694896
13765586
79432
1215492
1223498
1218538
938416
908794
908918
2953606
2667530
2834206
3602918
3430338
3325454
206652
206926
474008
471872
470346
470612
893206
5128448
2903862
352514
22381174
22307388
24121106
136336
80082
79922
79948
4518794
5654246
135996
134672
134364
18351904
18650150
18725098
297054
13824948
15194552
116472
113060
113110
16568136
14257418
16915372
14467606
16424888
14713150
61218
61208
61032
894900
891756
889570
11188114
11127680
11131200
95392170
94225104
95038404
1871430
365388
2198504
2310224
2305360
2302642
3030638
3030064
3034890
2818218
2686696
2833784
2684936
2821932
2694960
112496
111560
111996
135336
135046
134720
134186
133836
133658
4189590
4185524
4189944
3003104
3061652
3206068
2948476
2999452
2957910
2994270
2961648
3001820
6368770
6330816
6272608
6310162
6420818
6312232
65428
65522
64750
5357066
5350962
5283576
195074
193426
225128
212632
211164
213040
734142
737008
209112
209706
211608
736728
239890
239474
242082
241262
240086
239850
9909720
9539388
9580388
2329226
2281366
2327368
2269630
2324974
2287524
2234092
2367536
2223416
2812812
2736268
2682580
1599160
1389394
1390134
113160
112840
111792
111544
112266
112118
