3248296
1584874
2659182
2659826
2639396
1382188
1994066
1292224
77000
76600
76548
200060272
207524442
198665674
1293654
1555640
1266648
17208820
17358914
17450970
184814
234008
181064
170078886
167111922
168079534
1500740
1507674
1498342
7868642
8794502
7971540
3738710
3615222
3706944
64520308
63899614
63873344
75144598
74988006
75261444
512848
508046
498540
628482
627874
628670
1989941370
1974632112
2007951720
1780668
1805014
1773650
423124294
422020220
416483674
3849194
3830882
3823474
408089104
420524770
411342078
1224638
1992966
1074768
2216110
6311016
209102
1512086
388274
8008524
63634
29756
542992
1040266
86276
129648
118280
5360938
7055174
2461376
164358
114668
1108118
1158530
1006062
1864368
1490396
1924600
1072744
1527510
2506968
2464820
1102972
1121862
850870
807820
52172
45460
45308
61422
59294
59268
58708
59014
59060
57990
57746
57906
57658
57958
57988
4744122
5198920
4692728
5149184
4670458
5105460
5880560
5854410
5826626
35878
33916
33438
33266
25871702
25860074
6105490
4834214
6021560
4805978
5988066
4802448
34740
385028
365910
366830
319144
314178
315626
817958
810768
811820
911080
900084
900380
61190
59098
117094
111490
115256
111074
223308
278774
1885072
3815820
807032
79010
913506
4643446
5239006
19470420
20590990
6362828
6708086
7325920
47114
36824
33482
33664
6783732
6759228
6772852
1258504
1419200
48616
48186
45208
6025558
5970448
5966340
83996
5133378
5580098
39734
72046
39140
5800754
5186932
5677300
5186088
5661470
5342590
32828
29260
29050
227054
224048
222430
281950
275390
276504
4002922
3787102
3937140
3884064
3918986
3800480
31413418
31856550
31391748
32191244
32143266
32064580
462928
86422
541936
789356
736664
715168
894248
1141364
808124
970778
906212
970730
867508
969164
868754
46960
39864
42150
54320
51728
45478
45576
45292
45240
1136566
1017398
1062210
1417530
1323390
1310524
1027722
1022684
1002464
1339496
1327632
1323556
1026764
1078030
1038836
1067466
1020352
1067822
2179916
2314638
2203872
2292368
2188600
2328498
7899686
32778
30638
29710
1864910
1898056
1846082
2735290
3787842
2826614
53272
51122
51416
61146
58954
58990
204384
198790
57716
57392
57440
198008
70306
67418
67268
67314
67018
66876
2664040
2657546
2641392
3669964
3746020
3672746
6597426
6727588
6797586
860508
829450
826052
794990
818146
796834
671952
644334
647798
724998
707996
713568
522210
510106
507476
586026
586810
580178
41764
38950
39102
38920
38848
38764
