3729796
1605354
2928250
2913518
2919656
1856258
2022220
1857378
123558
124204
125328
1544766
1620732
1543762
222248
224966
221170
1764414
1750054
1764138
4676980
4670698
4681798
598778
598536
599498
819490
816560
812110
2208500
2207894
2209542
4591690
4588022
4588476
589266280
583010226
584423732
651992
231820
1676320
81944
46978
596834
111744
139610
139288
5764866
7437290
2719454
180050
125496
1415714
1564562
1272194
2166812
1800098
1367806
1684626
3109512
2848592
1159370
1187052
976286
938510
67436
67888
66174
83502
83608
83434
82928
82604
82658
82246
81580
81064
81486
80512
80984
5099210
5441846
5115728
5451210
5111496
5467228
7286456
7293688
7270008
51160
51244
51402
51542
31894198
5904744
5925708
5904294
52010
590438
584858
582316
482856
483008
484302
1065272
1069310
1061712
1228106
1229346
1225514
80808
80536
141396
139022
139842
138502
373002
2408780
1215700
124292
7824134
7896746
9378704
64700
51758
51410
50830
1614850
1824070
65740
65168
65410
7727562
7743882
7715756
110470
6147222
6531616
59976
70242
59978
6753682
6084074
6724384
6060342
6773870
6068840
46050
44658
46036
374426
371396
369688
4543234
4513486
4517860
37289438
37667034
37523138
715124
124612
828620
895732
897400
893164
1059424
1121864
1052060
1061134
965924
1075864
971624
1069176
969416
58036
57482
57914
65054
64306
64712
64400
64682
63958
1627590
1622784
1611954
1233990
1209788
1224770
1145776
1187158
1154386
1185588
1156032
1184030
2481850
2528106
2483146
2516358
2485142
2530502
48044
47054
48202
2363510
2351918
2358582
73138
72324
72282
82420
82394
82780
253814
251600
80780
81410
81074
250952
93768
93328
93606
93792
93144
93404
3258906
3245680
3242262
969266
939390
967540
931146
977336
943416
920044
904026
902048
1060790
1057090
1058908
834722
817690
808830
57334
56908
56810
56928
56974
56736
