3879050
1687696
2992880
2998274
3007306
1896698
2087956
1897512
138664
137638
138122
223690380
234310008
222991048
1559872
1632032
1564842
19929096
20006300
19943252
235940
241002
233272
191901464
191463036
191514144
1812428
1801598
1809302
10308168
10153424
10297330
4948056
4894788
4883930
75459360
75893130
75693374
85126090
85350832
85273762
625530
629460
620830
868760
866000
869454
2273240126
2267135966
2271155714
2270912
2271722
2256616
468093776
468180184
468594148
4642046
4652520
4648826
603835424
607277462
602629242
1601048
2790754
700218
3073152
6815444
257868
1717984
359970
9796304
89214
53598
618116
1217780
116566
146896
147184
5859720
7610682
2812534
187796
143384
1518542
1694964
1304610
2290954
1850774
2464666
1368832
1713550
3221264
2926308
1182178
1210988
1020918
984714
73498
72464
73028
89704
88780
89430
88548
88366
88640
88304
87486
88228
87632
87132
87714
5198230
5527226
5176846
5535338
5207070
5532308
7711680
7678402
7724824
59662
58282
58240
59194
33836104
33591856
7806336
6247750
7799346
6207036
7843928
6216784
59134
673588
679058
675076
573778
565814
572302
1190810
1175870
1193532
1370160
1350460
1368254
89916
88894
146258
146580
147520
145658
361480
400624
2584328
4035668
1362922
128764
1541412
6214140
6748750
20336336
21382934
8123248
8122400
9873526
74632
60058
59714
59336
9129680
9037822
9121436
1729114
1936426
73900
72236
71658
8290132
8327260
8245596
117840
6428786
6875252
67856
77736
67034
7100450
6393442
7073270
6355464
7045552
6357896
53578
53246
52866
353768
355582
350410
400212
399844
395528
5002372
4673622
4966958
4672562
4918774
4700102
39793642
39536200
39783262
39738404
39820744
39511956
789374
131054
910308
876466
874236
877144
1070674
1129746
1064870
1096116
995846
1105270
991596
1099028
996058
65626
65036
64932
72492
71706
71328
71536
71774
71754
1391518
1382042
1371158
1698560
1710042
1693128
1271906
1271322
1263284
1710430
1732960
1716138
1178470
1210324
1178266
1205502
1177254
1209684
2545086
2603324
2535080
2573174
2527746
2591128
10784306
55518
55000
54416
2474290
2491146
2491828
3582238
3876620
3604174
80058
80014
79208
88460
87892
88330
258690
257190
87874
87446
87530
257358
100512
99410
99048
99838
99488
99004
3276228
3296672
3305336
4659844
4638468
4630904
8886310
8986952
8911818
1015302
984510
1020094
976326
1015604
985142
992674
990600
984246
1147530
1147908
1144064
962108
955126
949960
1112948
1113670
1105724
64956
65520
64682
65212
64778
64864
