3981676
1760736
3057064
3060082
3073944
1986712
2136458
1977788
149038
149960
149336
227190476
234402722
226323816
1590374
1643294
1587668
20147558
20189674
20106516
255452
260514
252108
194478904
194641246
193312122
1848804
1838662
1849580
10403648
10244870
10419290
4959256
4954620
4959482
76069646
76553832
76179504
86369604
86352140
86334206
654376
655006
646962
914842
906556
906584
2290791982
2288929566
2295388422
2319648
2331432
2318346
475842750
476816354
475987360
4762280
4739250
4716692
607835312
612348264
607559386
1653714
2839468
721322
3137722
6962286
277126
1754388
367922
10007910
95794
60210
626228
1238836
123484
154298
154682
5899122
7630724
2839396
196164
154188
1581096
1769264
1359530
2350562
1913560
2532412
1410492
1751498
3272906
2984966
1202982
1227734
1057670
1010040
79772
78084
77922
95520
95008
95556
95346
95258
94484
94440
93330
93738
93612
92844
94434
5250312
5586050
5262438
5598038
5253174
5603024
8062392
8069272
8091610
65140
64774
63752
64846
34724078
34517416
8078220
6488726
8072604
6476976
8086140
6453862
64752
720488
718760
724314
619640
618524
621942
1245584
1240406
1245418
1416040
1413044
1427688
95396
94304
153104
152208
153010
152844
374894
426710
2679004
4121496
1458182
137840
1646352
6304376
6871266
20575990
21659554
8199030
8252074
10370822
79626
64968
65446
64798
9416892
9349154
9427916
1804794
2029804
79112
78034
78100
8685162
8625396
8645362
123292
6723510
7110220
73278
83644
72488
7310278
6620128
7318776
6604882
7300692
6610858
58964
59586
59012
376024
377608
382730
426280
428814
422980
5085380
4826952
5096994
4831524
5088986
4833286
40974448
40727852
41155736
40936370
41023434
40717178
849628
139064
962996
911722
906788
906136
1100042
1152212
1092280
1115434
1020412
1124670
1021390
1119546
1021692
70952
70856
70850
77812
77812
77692
77522
77520
77550
1437982
1432320
1432822
1754740
1755864
1767382
1325812
1332350
1314306
1774958
1781518
1774708
1200254
1242410
1206148
1226602
1204794
1234644
2605208
2654182
2603592
2623616
2588578
2623734
11172524
60948
59878
59374
2601204
2586408
2592002
3717290
4020732
3748556
84784
84936
84560
94896
94544
94274
270422
268154
92688
93068
93482
269332
106332
105712
106052
105408
105640
105446
3374902
3369454
3391964
4734786
4727886
4731904
9288792
9345494
9328730
1043856
1013846
1050460
1006228
1049294
1017132
1070592
1054612
1048804
1215746
1205748
1200346
1055208
1042042
1045470
1210562
1191872
1205028
70662
70918
69536
70354
70006
70398
