2991734
1106622
2270294
2270974
2268300
1391622
1378048
1371972
87954
87738
87144
1287618
1283362
1280620
163452
163420
161628
1544204
1545298
1551144
4142266
4130044
4136710
495474
486888
484288
674004
675534
669988
1853490
1850838
1846858
3713468
3710570
3725848
509140508
509141836
507185554
577638
171252
1329864
67190
36354
516328
91870
121424
121880
5220406
6760836
2516492
157428
89186
1231148
1333234
1053412
1855254
1551976
1133636
1323452
2934036
2665832
1087228
1113236
864832
834966
54190
53330
53164
69526
69420
69190
68722
68406
68726
67112
67188
66818
67104
66320
67104
4839300
5197502
4860728
5196716
4839412
5213494
6453904
6436106
6445912
40806
40766
40578
40754
28081868
5253842
5284580
5283788
41054
466550
459128
457354
390286
388008
386724
911868
913832
913088
1014038
1016784
1016256
67618
67252
121380
121740
121802
120862
292968
2086008
967768
88402
7164544
7246150
8227370
53296
40404
39970
40374
1396410
1516236
53856
52722
52936
6723286
6724444
6692888
91984
5549430
5956892
46530
46164
45922
6164250
5474640
6141422
5473816
6131688
5479616
35958
35952
35886
294380
286936
287368
4153270
4090048
4096488
33535118
33649388
33405496
552208
92348
629074
709784
712378
714118
822420
823272
822292
988860
896598
996588
894360
988416
889858
46226
46714
46326
52922
52050
52128
52604
52102
52500
1363202
1359414
1361824
1055200
1053686
1042848
1073162
1113816
1078062
1109580
1082740
1113910
2313884
2355814
2296054
2352168
2291638
2346764
36882
35964
36442
2017548
2000324
1998524
60266
59846
59724
68012
67882
68336
206662
204136
66854
67004
66950
205542
77982
77718
77758
77788
77128
77162
2756372
2761188
2753950
855546
828202
862612
833666
863690
831378
787800
785112
772496
884878
887704
882504
643178
623390
629184
45834
45620
45268
45214
46304
46778
