3486166
1588482
2805122
2797586
2815170
1368006
1950408
1357476
80988
80974
80646
228219388
235571428
227864098
1343016
1597428
1342440
20522478
20671690
20490864
188878
239320
187888
199861584
199708000
199977864
1645014
1645920
1639872
8440068
9251592
8526964
3926634
3909772
3923248
75505966
75377832
75406514
86187502
86305960
86280990
534288
526928
527716
665244
661646
660382
2263090986
2258238706
2260327600
1880962
1878388
1871020
474531158
476107718
475006732
3990204
3991764
3994950
449215506
466607856
448999342
1311670
2205972
1104606
2377728
6451626
204428
1554046
409480
8753942
64432
30832
526326
1056372
89612
122800
122222
5475108
7155922
2588714
158986
108366
1120048
1176730
968688
1875454
1548028
2006220
1122446
1565308
2724926
2515508
1087562
1123448
850786
831080
49090
49418
48984
64810
64822
65014
64596
64452
64542
63318
63010
63242
62982
63030
63106
4884550
5286102
4887838
5298062
4881412
5281916
6102616
6123780
6105972
36634
36346
36130
36120
27023030
27307408
6353428
5055488
6361182
5070712
6324234
5050980
36268
386314
379750
379878
323962
317716
320666
857242
848696
854612
952268
942190
941890
64720
64218
123278
122158
121914
121374
235010
270880
1967846
3767016
826168
84022
933810
5077690
5704318
20289230
21268212
6887664
7056732
7774580
49278
37088
36938
36820
7117554
7104126
7117264
1339434
1414354
49812
49136
49220
6238878
6231504
6245616
89328
5341156
5708618
42234
67322
42008
5953884
5404812
5943016
5390558
5952546
5373678
31162
30744
31212
237528
236442
236092
271854
270682
269336
4105580
3980726
4124078
3965072
4124130
3952846
32764440
33264026
32899120
33435260
32912736
33258500
473542
85750
547712
721114
722198
716680
819878
1087446
812434
951230
876796
957968
871646
950478
866934
43474
42514
42204
49478
48856
48630
48828
48750
48750
1050342
1053770
1048960
1348356
1349022
1342030
1029066
1024580
1013860
1397504
1396178
1404420
1071254
1124448
1073768
1121470
1074342
1122728
2297524
2389626
2293684
2370368
2280182
2387464
8234306
32462
31408
31596
1968702
1954120
1966032
2823216
3645524
2907044
55882
55508
55556
64712
64590
64584
212868
212812
63082
62758
62536
212158
74666
75110
74380
75164
75264
74926
2788530
2778876
2784478
3878282
3873728
3867038
6826360
6793850
6793304
835374
827702
841848
823136
840512
825024
688080
683404
677250
757304
749328
748468
516802
512380
512404
601306
597272
595538
42262
42118
42214
41920
41726
41818
