7702292
2716080
6762896
6772672
6769176
3786474
3778680
3779820
188244
188398
187778
3104134
3096548
3094802
483326
483120
483158
3258496
3260510
3264066
9871828
9821452
9835606
1189172
1189368
1188528
1586462
1583998
1585348
4233422
4233234
4233248
9467066
9453260
9444588
1228397748
1225386636
1225817570
787554
411826
3328164
102280
37618
883046
150656
218082
219488
8720836
11453738
3945124
289696
105480
1888438
2220506
1944370
3121966
2887776
2476510
3325378
5317160
5003932
1578670
1593800
1280834
1221684
73140
72584
72484
103446
102320
102492
102730
102370
102532
101666
101630
101234
101076
101490
101844
7321704
7607160
7306442
7578984
7281296
7598374
8948954
8913394
8934596
48606
48812
48612
48806
53733510
7463612
7456132
7448504
49102
687574
682238
685634
497128
491162
489406
1256914
1249816
1247562
1648300
1640566
1651260
101794
102342
219416
219116
220248
218574
455888
2966202
1572266
182242
14126458
14219830
13016270
72040
48732
48812
48856
2326476
2781896
71508
71266
71124
9784618
9777982
9794638
151886
7727444
8259712
66252
66164
65910
8524794
7671268
8538764
7664814
8541044
7625478
37990
37910
37898
454530
451916
449454
6272082
6270284
6268612
49195500
49481236
49272536
1065438
192708
1300036
1351602
1351196
1351564
1857436
1855904
1851470
1506348
1374474
1498474
1385282
1495806
1380470
60988
60146
60482
71058
71034
71076
70794
71276
71364
2351400
2353374
2355842
1566634
1556110
1561340
1578084
1590652
1578800
1586262
1578170
1584136
3424276
3431162
3423078
3425418
3413992
3420082
39956
40032
39950
2811008
2811092
2808388
88400
87922
88072
104176
103402
103324
399948
400224
102756
102550
101926
399526
120132
119976
119408
119386
119572
118956
5519132
5523442
5523070
1282308
1228890
1283386
1223004
1285072
1224618
1016258
1005584
1006640
1291554
1288582
1288144
753052
753634
750432
60460
60726
60628
60792
60660
60828
