3223314
1211606
2479010
2476874
2487914
1511166
1511340
1500976
99064
99480
99976
1361644
1362692
1363544
178398
175744
177472
1653800
1627868
1647488
4503830
4479832
4449016
538172
521764
523742
733002
722834
729300
1967704
1972404
1989612
4020910
3966658
4019234
563261418
555251404
554705962
603884
177548
1394888
74836
41592
569178
98494
128054
128284
5524870
7227638
2690874
164538
99850
1310704
1396246
1147008
1984820
1628716
1202930
1400944
3057780
2784060
1122022
1152888
918542
890148
58598
58126
58390
73330
74610
73578
72910
72686
72416
72052
71988
72304
71960
71394
71594
5016336
5389312
5045222
5391004
5018446
5373134
6998554
6961142
6926462
45842
45622
44990
45668
29967612
5579708
5650248
5599882
45434
514378
514394
506410
444880
445478
449534
976528
988846
982928
1106940
1105770
1098954
72372
71866
127404
125488
125882
126974
315484
2252408
1051332
94144
7516284
7543584
8975908
57224
45062
44878
44954
1482226
1601772
57280
57152
57288
7386996
7352574
7391366
98910
5921090
6332208
53484
51696
51838
6549496
5837756
6562230
5853240
6526740
5815340
42178
40572
40060
322616
322896
320264
4357466
4352560
4291194
36017198
36257012
35981462
609474
100126
686160
761646
754688
754838
889292
888262
886698
1027212
937318
1045098
939408
1031324
931532
51536
50918
50812
57372
56838
57104
57204
57026
57082
1473186
1458090
1463222
1140240
1132714
1135204
1114544
1157540
1123208
1150566
1129132
1157554
2394536
2466216
2375586
2436676
2370836
2436444
42310
42670
42310
2205224
2186120
2213748
64896
65058
65312
73182
73796
73282
221006
219764
72122
72034
72896
221742
85756
84100
83392
83318
85024
83680
2964256
2942576
2939992
913808
893202
918386
885664
920340
882290
846866
836450
833898
961586
952606
952468
743644
729762
742376
49370
50200
50948
50020
50578
50802
