3457448
1606574
2769960
2761340
2778364
1349238
1946608
1356248
80730
81098
80880
1323266
1615554
1323292
189548
244988
188818
1637512
1634094
1631866
3886918
3898614
3905644
541500
536894
537448
674946
672144
669828
1876828
1875918
1873200
4010834
4007074
4002356
452083350
460731402
450361186
1117746
205804
1578856
65014
31060
524454
91482
123036
121954
5491660
7155450
2572844
160262
110780
1137588
1188062
960090
1888462
1542178
1122248
1584074
2706100
2498682
1088014
1117428
837226
820376
49174
48856
49002
64764
64448
64574
64568
64084
64264
63500
63338
63064
63000
62854
62844
4833108
5237916
4835194
5262158
4860114
5265004
6063446
6085228
6068566
36092
35872
35994
35942
27503810
5137050
5095930
5009048
36254
383354
381034
381296
325774
322610
318756
863992
849826
847352
948106
949282
942554
64646
63536
122388
120928
122102
121642
273238
1974120
836744
84200
6854768
6993696
7688834
49220
37344
36598
36520
1336568
1427738
48630
48900
48814
6272484
6234602
6259980
90350
5315140
5687502
41542
67444
41630
5923880
5387028
5874222
5362494
5912378
5342554
31330
30798
30536
270382
268154
267982
3935486
3940864
3948384
33256580
33444778
33206796
482746
85510
556400
712618
712872
710278
813228
1101010
808084
950866
867566
955006
867106
946778
866612
43032
42166
42270
48738
48306
48560
48596
48510
48374
1350590
1348514
1344748
1033510
1028186
1030288
1069222
1119774
1073714
1118556
1075118
1119926
2283496
2369796
2281192
2345460
2257000
2342430
32424
31862
31568
1953314
1959580
1951608
56992
55490
55278
64112
64340
64530
213696
211514
63042
62806
63054
212506
74420
74248
74360
74300
74622
73930
2800696
2796154
2792922
829816
813732
836148
815420
832366
807800
691218
681732
686902
759082
757834
761482
526290
521194
521372
41936
42026
41988
42062
41768
42018
