3856182
1693594
3005118
2993992
2994364
1896782
2083058
1889222
135810
136350
136790
1566850
1639442
1561618
235494
243962
234696
1818998
1832304
1824848
4891114
4880666
4870510
636792
625856
633576
870332
867712
877488
2284384
2306582
2287196
4704142
4678246
4658816
602523570
604090540
599398008
700450
254682
1713448
88622
53502
622290
117824
147144
146464
5886228
7559862
2807562
185728
142694
1516994
1669086
1307870
2282020
1851220
1373232
1714330
3204616
2921064
1187652
1210826
1018520
982160
73346
72416
72820
88890
88784
89506
88654
88716
88592
88056
86418
86662
87218
86744
87118
5208910
5572388
5210960
5538372
5210028
5541712
7764426
7736478
7762364
59786
59150
58732
58790
33642198
6236176
6260304
6213224
58492
672764
669356
663144
566114
561752
559802
1171666
1180006
1174724
1352526
1351586
1352320
87526
87146
144918
143912
146340
144354
400734
2593704
1367778
129008
8063576
8107958
9989390
71376
58444
58774
58228
1715192
1950316
71900
71382
71246
8238706
8338938
8214274
116052
6455212
6901416
66700
77460
67916
7107842
6387560
7089616
6363278
7065418
6347736
53234
52494
52702
408784
405312
404202
4743198
4714762
4703226
39334446
39772468
39524980
789440
130572
909542
881026
881984
879756
1076600
1145880
1076106
1101298
998808
1112118
997788
1100100
999166
64574
64622
64954
71422
71404
71876
71618
72116
71452
1704480
1696674
1698974
1282096
1270404
1269610
1181376
1215778
1186630
1213038
1189640
1209764
2545434
2595298
2538222
2584798
2532274
2576238
55374
55554
56548
2497264
2513602
2496600
79396
77326
79102
86894
86918
87186
260686
256064
87190
85990
86156
259484
98764
98642
98304
98614
97250
98300
3306798
3310120
3304734
1012102
986402
1021342
981318
1014370
984558
1016360
1004468
996360
1157784
1141446
1149146
959120
939096
966700
63648
63320
63704
63526
63468
64484
