3962938
1763142
3058294
3039764
3050270
1983326
2123288
1967518
146652
147344
148530
1595816
1658698
1593910
252630
258272
253094
1867504
1850824
1870834
4992836
4976758
4981452
660004
656538
657240
912350
911482
917688
2341228
2346466
2338766
4784094
4781670
4765650
608251986
602456452
604578560
728674
271782
1757486
93638
59002
635468
123200
150266
152740
5917618
7556326
2828794
193696
153290
1580504
1761198
1364736
2339584
1902516
1413324
1750556
3265110
2979424
1205280
1226936
1054400
1009980
79562
78036
78458
95130
95070
95736
95522
94522
94412
92526
92936
92936
93622
92614
93222
5284766
5618530
5274140
5603774
5264480
5622184
8103790
8084560
8117174
64382
64190
64020
64298
34557492
6483880
6502332
6465150
63902
719014
717594
710396
612984
609198
609666
1245980
1248830
1242374
1420810
1402316
1412010
92854
92262
151770
150098
149820
149400
424852
2688662
1453982
137370
8177480
8267096
10414852
77238
64178
63168
62898
1799738
2042844
77570
76970
76642
8641858
8662408
8599034
121688
6709704
7144252
72736
83812
73426
7348224
6626752
7340228
6571948
7319330
6554532
58770
57506
58244
434452
428106
429148
4850874
4860338
4870500
40811942
41106820
40834330
848168
139992
968676
910436
908092
911532
1097076
1156436
1099912
1127346
1022056
1126018
1022546
1122352
1023400
70646
70514
70542
76148
76628
77072
77476
77652
77744
1760242
1759858
1748794
1328454
1321728
1305406
1199784
1241266
1203100
1231364
1207790
1236314
2616896
2655252
2596500
2646770
2598558
2629202
60200
60660
60408
2606076
2614124
2598972
84066
82596
84202
92832
93588
92652
269598
266602
91948
91142
91906
268096
104132
103996
103900
103418
103446
104058
3406610
3388494
3386890
1043716
1015050
1052260
1013708
1047000
1012982
1063612
1057584
1051442
1210176
1207878
1217552
1055972
1041572
1046826
69992
69512
69470
69740
69760
69246
