3089462
1165634
2364272
2345362
2357448
1461488
1453468
1455940
96130
95894
96890
1322360
1318498
1312476
174752
170940
172972
1597772
1598860
1598838
4256216
4235342
4219686
509470
512626
507256
701210
706552
702744
1915684
1924306
1909136
3855696
3858006
3858850
523305528
521715814
521994442
585884
179564
1375898
73090
39438
538230
97288
128068
126778
5334256
6876280
2603116
162590
99552
1291596
1385004
1108500
1925796
1581888
1167060
1371210
2990984
2717722
1101912
1128538
907404
881844
58858
57926
57940
73592
73728
74080
73324
73654
73668
72452
72216
74496
72332
71642
71982
4948430
5292706
4942676
5279876
4948698
5303110
6815752
6748466
6834752
44338
45490
45106
45028
29134854
5522554
5495652
5548264
44634
507826
502920
499922
432298
426882
427614
961986
985102
981768
1085060
1079654
1081078
73002
72278
128406
128058
127550
126972
314802
2201578
1055278
95600
7283678
7327076
8627346
57110
45168
44950
45372
1464124
1590930
57794
57398
57052
7092346
7108912
7122962
97210
5794786
6254686
50866
51570
51202
6405904
5699592
6408784
5703736
6397934
5742862
40480
39934
39028
313896
312380
310524
4270466
4263158
4258086
34948558
35192054
35083870
588866
99564
671392
742226
741746
736256
864766
861846
863742
1014840
915652
1018132
916386
1009632
919016
50772
50918
50368
57696
56856
56664
57030
56198
57006
1445100
1434014
1435038
1108812
1104964
1108060
1095942
1133912
1099226
1135862
1103678
1133844
2357358
2409824
2358038
2407324
2358562
2394856
41928
41676
41704
2125716
2132336
2121466
63842
64170
63658
73382
72508
72748
215110
214796
71352
71048
71304
212892
84032
83236
82604
82974
82766
82360
2856388
2865822
2848026
894520
882602
900912
870256
905546
876078
828996
823394
829304
946894
933564
944954
717248
702790
700734
49006
49906
49172
49578
49212
49306
