23526492
8433728
20764948
20811582
20764610
11924878
11795670
11645854
629178
629720
628708
1768800770
1776264252
1767959300
9954368
10041892
10027760
119817702
120248708
119890262
1576544
1599474
1572250
1526477884
1528780038
1539519110
10329832
10391656
10420550
59495380
58583318
58229974
32173866
32281756
32544228
539976820
540447476
531889432
618193848
621770558
620668800
3885834
3857650
3858454
4798716
4831816
4804544
17765268562
17674890290
17594707714
12896002
12898692
12888758
3540268806
3568504978
3539173376
28936574
28790894
28806622
4257223858
4266977624
4259362640
7138116
14423508
2380872
13426240
37428746
1315832
9958256
2152814
53736576
359442
98466
2797602
5138016
530794
827602
814822
29710974
41174526
13267280
1007762
327300
6299618
7335492
5672076
9357314
9101824
10972302
7846254
10019204
16320448
15366532
4996334
5018454
3921968
3753112
221858
212842
211912
364200
358248
357098
357050
357166
357846
358798
359672
354142
352242
356938
353456
23614740
24479342
23551036
24378562
23875458
24553194
24624148
25130752
24700034
134218
132048
132254
131580
159856304
157832802
26784294
21396336
26805434
21305302
26503838
21253858
135336
1931576
1903890
1914736
1389302
1392584
1392836
3964870
3961902
3962238
5200020
5127348
5327282
361974
375032
827430
822720
813840
811506
973042
1479406
8788518
14266178
4793106
703938
5860612
34927722
34048394
120664320
124411420
42722222
43118216
37664814
221162
135806
132112
132188
29141530
29004422
28989778
7548296
8920752
219476
213690
212354
28427698
28122922
28123554
534850
23066640
24863612
207074
192888
193596
26302034
22938162
26205586
22969916
26027370
23124688
98250
96930
96770
955304
942084
940640
1431756
1437036
1422262
19357140
18484532
19409126
18658770
19368556
18584706
148395838
148355286
149843910
149083568
149753900
148008228
3368748
717882
3975276
4179392
4180380
4224034
5706756
5729628
5671854
4628504
4314654
4691818
4292062
4671094
4320232
177030
174446
175480
217796
214504
213890
215076
213358
212432
5695036
5798060
5781630
7037988
7008640
6997470
4892866
4908026
4980726
6939996
7313844
7404238
4969900
5025936
5017660
5055318
4964110
5027690
10612996
10696574
10631246
10742108
10593678
10670614
40845580
112480
107330
107388
8341924
8316490
8317730
13495996
13657670
13510224
281420
278616
277076
382914
366250
366932
1345772
1327984
354638
353766
350124
1323738
418754
414460
414380
421086
438718
420614
17139364
17070492
17126002
22856720
22748550
22744692
31011588
31331920
30840464
3841778
3712846
3887726
3734810
3865276
3730016
3294448
3299126
3284948
4047964
4050798
4042882
2055484
2062122
2059256
2860090
2860426
2861518
184846
175354
174602
174638
175858
174578
