3056224
1148938
2309502
2333688
2329568
1443284
1434884
1436256
94782
95872
94560
1307010
1311658
1305762
173400
171626
171168
1577996
1575016
1575872
4204348
4217226
4213612
514496
507424
505750
698498
693872
694768
1881928
1888060
1883166
3812906
3828248
3817942
517626134
518415428
513182200
576520
177408
1367430
71326
39140
526574
95750
124446
124442
5266710
6813094
2537192
162994
95800
1273028
1377784
1086958
1911794
1581452
1155386
1366542
2972120
2698012
1096738
1126164
893222
853334
56630
57472
56536
71400
71926
72146
71500
71562
70964
70188
69476
70372
69914
69528
71070
4892938
5242852
4892904
5252968
4900948
5247932
6707358
6697976
6679940
44522
44452
43946
43846
28705966
5452964
5466782
5444548
44392
498706
489832
494218
418622
423640
421268
966854
954018
963902
1069436
1067586
1061476
70930
70836
124602
123694
123958
122874
308350
2154400
1034916
92922
7209060
7269644
8451554
58648
44030
44058
43846
1440082
1551736
56918
55650
55530
6993138
6970800
6996248
94860
5695916
6107342
50106
50330
49874
6306182
5625428
6286880
5635696
6336650
5657034
40056
39878
39372
308516
305964
305042
4240166
4210150
4211716
34392416
34672294
34426576
588330
95746
664304
738432
735658
731740
852112
846982
847140
1005722
911644
1008140
908736
1005072
910600
50732
49942
50526
56882
55818
55840
56178
55978
55976
1416738
1407084
1401630
1095064
1093688
1084374
1087414
1124640
1089614
1121508
1093176
1123052
2349300
2386208
2329498
2385412
2336122
2380148
40462
40174
40276
2077036
2077742
2083482
64298
62800
62316
72050
71996
71118
212404
211730
70356
70606
70430
211056
83416
81886
81900
82420
81322
82128
2821548
2830728
2819156
884666
861742
887194
854020
887928
865372
823872
822014
817002
930646
930398
926992
709652
695684
685580
49086
49094
49312
49000
49468
49682
