3095774
1164628
2373758
2375202
2371658
1469776
1458410
1456050
99002
98192
98822
210263440
210361824
208749302
1320940
1322468
1320204
19270850
19256322
19130920
172164
170566
169836
188436066
190368778
189423476
1593778
1582346
1590410
8767154
8733132
8762380
4249984
4261938
4239658
73175630
73930516
73552922
81428816
81049694
80283440
516360
504244
503594
704182
702578
698420
2135588704
2138367352
2133839158
1886554
1876494
1874230
435404176
436424482
436398640
3856790
3842964
3849182
526918220
527136546
527210486
1402730
2446214
583778
2624326
5659410
178804
1361210
244170
8688654
74344
39846
528908
1061978
95938
128422
126168
5353946
6910062
2589310
164244
100400
1280144
1384888
1108094
1926930
1603080
2142712
1171328
1373304
2986646
2708238
1096856
1130914
901056
868728
58274
57550
57498
74004
73542
72954
73266
73046
73140
71990
72332
71326
71502
72100
72368
4926512
5288200
4933260
5267808
4926186
5286282
6815294
6717174
6748118
44700
45002
44908
44706
29354228
29078582
7033336
5487098
7050426
5461110
6998024
5537470
44352
503232
501984
503750
435382
432474
429094
976632
965386
974136
1090260
1086404
1091386
72644
72120
127304
126474
126722
125328
286868
316342
2208628
3126226
1040864
94936
1131288
5523122
6028110
19365170
20366986
7250002
7313882
8661788
58734
45552
45040
44654
8005536
7997338
7990048
1455308
1579572
58390
56922
57314
7058706
7090854
7203330
96362
5773162
6160364
51118
51064
51318
6343550
5677728
6344658
5678528
6330548
5696224
40502
39906
39580
292124
288508
285378
312456
313130
310612
4478380
4234124
4474178
4239980
4459808
4255696
35104166
34996590
35188838
34978794
34894266
34924992
588764
96232
665350
742180
736558
733738
850580
855788
857784
1011862
911090
1014794
914544
1012776
914320
50942
51212
50772
56826
56928
56862
57166
56750
56856
1173008
1168938
1172366
1413364
1417976
1416172
1115986
1105498
1106262
1488006
1470134
1480148
1094706
1131470
1098042
1122240
1100010
1134688
2348472
2413548
2344650
2394654
2343292
2400776
9366158
40538
40674
40450
2119112
2111894
2126212
3006512
3015360
3042890
64660
63372
63050
72306
72538
72222
215422
213836
70320
70816
71048
214548
83248
82896
82462
82976
82446
82338
2872816
2848916
2861034
3979098
3981262
3991846
7789662
7795320
7730452
896636
879932
901198
875958
903092
877680
822916
823746
818694
939688
933288
929600
706448
708440
696520
803656
794556
807568
50904
50246
50610
49764
50362
50812
