3542350
1658138
2853068
2842064
2853154
1820264
2070762
1823584
123782
123990
122952
1532908
1658550
1534012
216196
224074
212528
1720950
1715014
1712588
4502766
4480852
4495592
593006
596032
599114
808128
808168
806424
2191584
2181954
2178042
4530690
4530698
4505504
577811774
592151236
578432744
643842
238206
1730990
85834
49636
585902
111320
142478
140886
5543720
7275044
2627456
179098
132518
1392734
1505834
1303642
2092196
1746176
1385174
1722956
3094742
2801422
1168634
1187774
992336
951774
70190
68580
68834
86178
84284
85070
85162
85262
85186
84266
84854
83276
84042
84536
83678
5093450
5449062
5090672
5451490
5087148
5440328
7448448
7426160
7423246
53824
53570
54072
53798
30831854
5977514
5983130
5977248
53840
603142
602486
597122
519690
517300
519656
1104870
1106946
1100676
1243696
1239160
1243114
85706
84422
140952
139928
140918
140420
372938
2490132
1215338
110618
7370990
7433096
9493788
69534
53762
53990
53852
1606510
1745424
68888
68064
68110
7896776
7930560
7935276
110198
6226672
6678588
62488
75168
61946
6905506
6188754
6891932
6193978
6893250
6188274
48888
48674
48320
373300
371160
370298
4534816
4550508
4542760
37776846
38129290
37931138
701216
115900
784938
906944
908512
903136
1042498
1152598
1049890
1079000
975128
1079604
974806
1073320
977920
60960
60346
60806
68758
67748
67454
68244
67796
67326
1567458
1562014
1561356
1240838
1237680
1244880
1163970
1193544
1163110
1190798
1168464
1189416
2508010
2551196
2474430
2533836
2473062
2533932
49968
50068
49484
2408388
2401854
2410304
76630
76186
76248
85572
85614
85410
255994
254328
83960
83732
84130
255408
97022
95872
95296
96004
96404
96012
3276934
3279156
3278744
984296
944648
980446
943420
982594
943424
943592
938524
937576
1057922
1062830
1052958
869886
848158
854174
60100
59612
59744
59854
59620
59972
